62 61 62 95 20 45 88 45 60 68 81 43 88 28 36 84 36 94 89 93 27 92 41 18 39 37 31 39 83 91 59 46 25 33 63 90 23 86 39 59 84 41 49 71 45 95 93 85 50 97
28 99 71 49 25 24 81 84 44 52 81 80 81 84 60 34 20 83 41 32 51 18 67 37 33 45 11 36 81 46 84 20 31 81 20 78 63 97 20 94 95 85 19 18 78 51 95 49 86 55
51 96 20 19 60 74 78 39 73 63 77 35 67 25 77 38 69 54 43 63 64 43 69 17 98 83 27 79 61 44 54 84 82 54 95 59 83 18 41 59 20 27 87 80 97 28 61 32 63 57
64 52 46 73 90 48 33 66 10 40 90 48 93 18 79 54 98 67 87 12 76 31 81 31 50 20 59 58 94 93 51 69 82 87 38 42 67 52 64 41 19 72 89 43 88 58 70 48 60 25
32 77 24 47 39 69 69 88 15 63 17 59 73 20 66 46 16 63 59 87 96 19 66 57 39 19 87 51 71 48 83 86 95 47 86 19 28 67 34 41 49 16 28 13 97 96 80 23 32 60
28 29 43 53 94 43 34 90 18 26 44 73 49 42 30 27 94 74 97 59 77 49 64 91 55 60 42 98 27 52 12 31 59 89 62 44 81 69 23 27 12 31 92 61 30 26 12 93 83 77
53 68 84 62 91 97 43 25 24 64 13 56 67 74 69 68 93 97 65 54 87 15 36 32 72 38 98 73 59 73 62 78 58 62 17 94 98 41 77 58 65 72 89 29 62 14 70 76 97 78
27 72 15 91 93 11 97 80 79 48 60 16 17 94 38 87 71 72 54 99 33 98 98 41 88 13 69 32 19 25 75 91 53 11 54 64 62 91 20 69 32 39 84 41 90 25 88 87 83 67
16 98 96 70 50 99 96 54 11 48 25 48 80 35 56 21 85 40 61 33 15 36 99 89 34 60 69 92 93 95 25 71 45 41 25 72 91 41 33 32 74 20 11 23 62 18 38 66 25 58
45 96 63 60 99 38 66 99 39 52 67 25 57 34 56 62 66 84 10 60 58 73 67 92 58 45 89 36 54 27 11 20 33 13 43 73 66 78 84 16 81 28 58 95 96 36 21 55 95 95
99 71 16 57 97 46 54 58 53 49 26 40 72 51 21 67 59 77 41 70 83 52 53 90 76 30 89 23 77 75 50 16 79 82 38 50 22 28 34 74 68 88 48 74 66 97 96 72 44 14
59 91 72 80 57 19 53 70 16 23 37 67 90 80 39 41 16 29 54 28 57 28 47 49 42 11 32 71 31 44 57 85 26 49 69 99 96 52 68 31 13 11 49 34 41 21 98 89 50 25
52 70 50 25 68 89 39 25 59 61 93 83 29 37 47 83 55 80 24 34 91 73 89 68 69 27 44 37 58 65 57 45 75 18 63 12 44 42 24 36 81 65 75 59 40 87 23 39 81 68
34 22 74 22 86 74 76 49 61 12 89 35 23 34 72 16 91 70 49 39 53 85 12 81 68 18 78 50 78 97 52 35 40 63 91 13 42 74 13 81 77 73 72 85 91 81 23 81 10 81
47 14 42 23 78 41 21 40 99 75 38 18 92 74 69 47 76 29 75 39 80 84 61 65 69 78 13 58 46 61 48 20 10 81 33 50 12 30 29 37 67 51 24 94 48 29 54 24 31 38
13 19 30 16 62 59 46 55 38 53 76 94 24 48 13 14 27 27 32 47 52 67 38 24 10 14 59 80 75 35 88 31 87 35 14 21 93 42 91 90 42 76 24 69 58 87 61 79 29 54
18 82 33 54 81 52 47 73 87 55 21 69 26 78 64 58 91 25 85 52 26 88 23 82 33 40 95 78 80 45 40 95 85 81 49 18 92 64 81 48 45 97 81 18 82 15 10 75 38 48
11 43 12 89 28 24 59 85 85 35 74 15 91 82 92 97 67 97 53 46 72 77 41 78 37 96 45 12 10 78 94 75 51 80 61 52 79 37 82 24 54 88 80 48 31 32 36 95 23 89
29 37 47 80 86 94 45 74 73 87 98 97 73 89 70 85 73 46 84 66 55 66 65 98 85 84 89 27 53 61 15 94 34 79 76 85 16 76 21 56 51 27 68 22 25 74 43 45 59 22
75 99 78 69 87 69 34 49 77 33 27 35 58 19 11 28 97 54 68 64 95 34 60 80 28 77 84 73 43 70 46 88 43 19 50 16 99 73 32 73 96 10 72 73 21 20 90 45 90 58
38 79 22 37 87 25 93 75 97 25 45 33 29 74 44 30 85 91 54 68 70 66 67 87 10 66 66 71 87 51 22 78 18 49 24 75 58 44 79 16 81 21 68 97 54 27 51 70 43 73
65 17 77 42 30 71 54 27 64 40 70 93 77 79 80 91 90 72 45 51 45 87 58 35 26 28 85 13 38 50 30 91 30 33 56 33 39 10 64 74 44 24 62 99 87 25 48 26 53 74
47 80 32 45 35 32 43 84 90 52 59 18 54 88 15 23 29 59 75 98 60 94 69 63 80 34 80 29 49 23 56 63 92 96 77 59 33 63 42 53 65 97 99 49 61 38 28 75 62 41
67 73 34 91 78 83 65 34 79 98 79 56 74 63 27 96 54 97 70 95 72 46 61 11 99 77 58 63 18 15 12 11 32 91 58 99 84 87 77 29 15 49 31 26 23 26 16 90 15 11
44 94 82 54 12 83 27 73 64 54 71 93 31 50 33 40 87 29 58 21 43 73 80 63 98 25 31 68 23 43 49 12 22 99 82 56 98 27 49 72 41 33 25 62 74 71 33 60 59 71
77 57 57 86 29 86 94 68 91 62 31 25 40 86 17 17 26 91 60 31 81 73 71 73 38 99 60 75 67 78 71 14 22 22 86 65 74 34 88 46 89 85 14 68 77 14 90 60 99 54
11 53 70 79 36 72 76 40 37 90 54 78 54 56 55 40 21 66 11 26 18 22 77 50 17 84 67 20 25 80 62 98 27 53 15 94 83 59 40 71 62 50 88 39 78 85 39 37 56 95
69 63 66 57 83 13 26 13 23 61 77 83 97 29 80 78 59 98 49 81 28 29 10 20 99 86 65 71 45 52 46 95 32 15 36 63 96 31 10 14 41 60 62 48 54 69 13 49 92 93
82 85 16 31 54 88 18 77 54 69 69 53 71 92 84 74 59 22 47 75 10 60 53 22 98 62 88 20 40 77 61 52 66 21 53 58 47 26 99 55 74 87 56 95 63 76 39 50 12 15
84 16 24 20 11 42 90 59 12 44 86 64 64 85 72 73 44 61 56 68 62 67 17 49 47 47 28 83 80 73 48 79 29 92 69 17 51 72 86 88 41 90 83 73 10 52 33 85 63 10
40 51 84 84 55 95 43 83 83 25 20 26 57 29 35 20 79 10 27 23 39 17 68 61 39 91 76 50 20 31 11 64 83 20 13 96 64 41 91 29 10 18 89 69 91 73 64 75 66 83
61 63 77 42 10 55 32 17 82 41 52 30 18 13 72 86 32 31 96 46 69 68 59 69 94 98 33 18 29 39 69 66 31 47 80 44 54 82 61 22 84 91 20 25 82 66 52 45 63 14
47 43 64 82 84 66 72 67 44 29 15 39 91 23 45 95 32 34 65 63 41 77 49 79 94 20 14 96 82 78 12 74 51 16 59 43 14 39 15 22 58 20 12 17 12 45 19 36 95 82
62 74 86 90 92 61 18 79 17 44 99 66 78 40 67 18 24 93 95 89 54 70 16 89 68 18 60 90 79 10 37 19 55 30 18 83 66 94 83 80 13 77 45 86 50 62 26 35 12 84
20 90 64 19 64 87 38 53 99 21 57 44 36 75 69 10 38 67 78 20 48 57 66 22 27 46 92 64 86 73 25 80 33 48 46 91 33 52 58 66 83 57 85 26 23 27 54 82 67 26
52 20 45 37 34 36 79 52 17 99 44 29 12 68 25 62 71 90 70 65 79 41 12 41 20 89 71 54 95 13 55 67 40 54 42 55 31 36 46 17 93 72 59 81 32 25 97 38 25 90
36 94 15 50 17 11 90 20 67 53 20 14 28 96 71 35 44 21 70 48 65 75 70 63 73 26 12 43 72 42 77 49 72 48 85 60 54 11 57 76 46 60 91 63 83 99 84 81 35 36
68 51 78 56 22 52 58 89 74 54 27 62 35 16 23 85 40 84 71 32 43 43 23 55 65 30 48 17 31 95 50 21 99 73 91 76 44 52 80 95 12 30 83 54 60 35 35 72 69 17
66 26 86 36 86 43 28 88 44 25 96 61 87 84 75 67 25 68 99 54 77 72 71 87 45 17 51 96 80 48 95 28 27 12 43 83 90 70 61 98 76 15 21 23 78 72 94 86 60 42
55 86 26 83 75 31 44 42 11 43 18 24 55 77 25 57 68 36 47 13 13 45 61 94 55 61 14 57 81 93 93 89 63 22 92 44 47 53 87 86 33 73 21 65 59 29 94 67 33 58
79 78 39 79 27 34 26 79 58 32 85 45 69 70 52 99 34 48 64 26 48 84 81 34 79 10 78 55 54 67 64 86 58 51 74 39 47 47 85 34 10 88 50 64 24 52 15 72 67 93
55 48 95 86 64 42 27 42 56 63 39 68 84 34 86 79 42 47 27 36 49 75 63 66 26 33 39 86 89 86 53 74 67 30 68 22 33 37 23 55 12 97 31 12 74 29 23 66 92 97
48 50 20 92 54 92 67 25 30 91 52 28 12 42 84 21 33 10 90 44 64 49 72 45 51 58 89 16 77 78 95 51 94 32 54 35 76 79 65 63 53 21 35 29 25 13 70 72 74 52
77 18 52 19 87 20 91 61 35 84 40 74 37 30 40 32 47 49 11 64 53 89 73 77 96 70 36 17 40 86 25 40 27 30 66 91 21 65 46 35 14 42 25 46 32 22 59 55 95 54
15 94 99 53 63 74 83 99 95 15 94 67 47 83 26 96 54 81 39 37 42 58 20 79 45 49 16 70 39 47 73 59 36 39 77 88 66 81 69 35 92 70 99 84 61 37 26 43 72 55
18 57 80 89 35 10 90 54 79 99 18 85 82 75 38 27 93 37 14 19 61 86 60 66 58 91 54 61 62 78 99 45 88 49 53 32 28 38 96 86 55 29 81 49 55 83 73 86 71 64
15 82 94 32 21 54 30 22 99 18 37 83 86 22 71 44 40 55 45 34 79 56 25 74 18 53 97 57 77 13 95 75 98 21 70 56 79 76 11 49 31 58 40 82 66 80 93 60 69 62
31 72 81 18 67 84 39 25 37 35 88 12 84 89 25 99 32 45 98 57 95 60 63 20 67 71 84 14 93 44 98 22 47 77 27 63 82 20 15 58 78 63 35 10 24 69 97 85 12 36
57 80 99 66 98 15 42 96 87 99 61 94 37 82 64 20 85 80 88 84 51 19 88 41 43 26 42 80 52 19 88 39 72 99 76 94 89 89 17 84 48 42 51 26 13 80 77 59 43 18
20 13 44 10 67 56 94 49 60 87 83 25 41 16 87 35 27 91 37 64 28 72 95 67 17 48 54 45 24 97 77 58 35 99 55 21 61 86 40 52 61 75 50 44 11 86 88 29 27 27